Solved in 19 steps.
Time took: 67.9940259457seconds.
Exit coordinate: 
8
4

 2  14 14 .  1  .  23 23 23 
 2  20 .  .  1  18 18 .  22 
 3  20 5  17 17 .  9  10 22 
 3  20 5  26 26 26 9  10 22 
 12 12 15 15 .  7  24 24 24 
 .  4  16 16 .  7  19 11 .  
 .  4  .  21 .  8  19 11 .  
 13 13 6  21 .  8  19 .  .  
 .  .  6  21 .  25 25 25 .  

 2  14 14 .  1  .  23 23 23 
 2  20 .  .  1  18 18 .  22 
 3  20 5  17 17 .  9  10 22 
 3  20 5  26 26 26 9  10 22 
 12 12 15 15 .  7  24 24 24 
 .  4  .  16 16 7  19 11 .  
 .  4  .  21 .  8  19 11 .  
 13 13 6  21 .  8  19 .  .  
 .  .  6  21 .  25 25 25 .  

 2  14 14 .  1  .  23 23 23 
 2  20 .  .  1  18 18 .  22 
 3  20 5  17 17 .  9  10 22 
 3  20 5  26 26 26 9  10 22 
 12 12 .  15 15 7  24 24 24 
 .  4  .  16 16 7  19 11 .  
 .  4  .  21 .  8  19 11 .  
 13 13 6  21 .  8  19 .  .  
 .  .  6  21 .  25 25 25 .  

 2  14 14 .  1  .  23 23 23 
 2  20 .  .  1  18 18 .  22 
 3  20 .  17 17 .  9  10 22 
 3  20 .  26 26 26 9  10 22 
 12 12 .  15 15 7  24 24 24 
 .  4  5  16 16 7  19 11 .  
 .  4  5  21 .  8  19 11 .  
 13 13 6  21 .  8  19 .  .  
 .  .  6  21 .  25 25 25 .  

 2  14 14 .  1  .  23 23 23 
 2  20 .  .  1  18 18 .  22 
 3  20 .  17 17 .  9  10 22 
 3  20 .  26 26 26 9  10 22 
 12 12 15 15 .  7  24 24 24 
 .  4  5  16 16 7  19 11 .  
 .  4  5  21 .  8  19 11 .  
 13 13 6  21 .  8  19 .  .  
 .  .  6  21 .  25 25 25 .  

 2  .  14 14 1  .  23 23 23 
 2  20 .  .  1  18 18 .  22 
 3  20 .  17 17 .  9  10 22 
 3  20 .  26 26 26 9  10 22 
 12 12 15 15 .  7  24 24 24 
 .  4  5  16 16 7  19 11 .  
 .  4  5  21 .  8  19 11 .  
 13 13 6  21 .  8  19 .  .  
 .  .  6  21 .  25 25 25 .  

 2  20 14 14 1  .  23 23 23 
 2  20 .  .  1  18 18 .  22 
 3  20 .  17 17 .  9  10 22 
 3  .  .  26 26 26 9  10 22 
 12 12 15 15 .  7  24 24 24 
 .  4  5  16 16 7  19 11 .  
 .  4  5  21 .  8  19 11 .  
 13 13 6  21 .  8  19 .  .  
 .  .  6  21 .  25 25 25 .  

 2  20 14 14 1  .  23 23 23 
 2  20 .  .  1  18 18 .  22 
 3  20 .  17 17 .  9  10 22 
 3  26 26 26 .  .  9  10 22 
 12 12 15 15 .  7  24 24 24 
 .  4  5  16 16 7  19 11 .  
 .  4  5  21 .  8  19 11 .  
 13 13 6  21 .  8  19 .  .  
 .  .  6  21 .  25 25 25 .  

 2  20 14 14 1  .  23 23 23 
 2  20 .  .  1  18 18 .  22 
 3  20 .  .  17 17 9  10 22 
 3  26 26 26 .  .  9  10 22 
 12 12 15 15 .  7  24 24 24 
 .  4  5  16 16 7  19 11 .  
 .  4  5  21 .  8  19 11 .  
 13 13 6  21 .  8  19 .  .  
 .  .  6  21 .  25 25 25 .  

 2  20 14 14 1  .  23 23 23 
 2  20 .  .  1  18 18 .  22 
 3  20 .  .  17 17 9  10 22 
 3  26 26 26 .  7  9  10 22 
 12 12 15 15 .  7  24 24 24 
 .  4  5  16 16 .  19 11 .  
 .  4  5  21 .  8  19 11 .  
 13 13 6  21 .  8  19 .  .  
 .  .  6  21 .  25 25 25 .  

 2  20 14 14 1  .  23 23 23 
 2  20 .  .  1  18 18 .  22 
 3  20 17 17 .  .  9  10 22 
 3  26 26 26 .  7  9  10 22 
 12 12 15 15 .  7  24 24 24 
 .  4  5  16 16 .  19 11 .  
 .  4  5  21 .  8  19 11 .  
 13 13 6  21 .  8  19 .  .  
 .  .  6  21 .  25 25 25 .  

 2  20 14 14 1  .  23 23 23 
 2  20 .  .  1  18 18 .  22 
 3  20 17 17 .  .  9  10 22 
 3  26 26 26 .  7  9  10 22 
 12 12 15 15 .  7  24 24 24 
 .  4  5  16 16 .  19 .  .  
 .  4  5  21 .  8  19 11 .  
 13 13 6  21 .  8  19 11 .  
 .  .  6  21 .  25 25 25 .  

 2  20 14 14 1  .  23 23 23 
 2  20 .  .  1  18 18 .  22 
 3  20 17 17 .  .  9  10 22 
 3  26 26 26 .  7  9  10 22 
 12 12 15 15 .  7  24 24 24 
 .  4  5  .  16 16 19 .  .  
 .  4  5  21 .  8  19 11 .  
 13 13 6  21 .  8  19 11 .  
 .  .  6  21 .  25 25 25 .  

 2  20 14 14 1  .  23 23 23 
 2  20 .  .  1  18 18 .  22 
 3  20 17 17 .  .  9  10 22 
 3  26 26 26 .  7  9  10 22 
 12 12 15 15 .  7  24 24 24 
 .  4  5  21 16 16 19 .  .  
 .  4  5  21 .  8  19 11 .  
 13 13 6  21 .  8  19 11 .  
 .  .  6  .  .  25 25 25 .  

 2  20 14 14 1  .  23 23 23 
 2  20 .  .  1  18 18 .  22 
 3  20 17 17 .  .  9  10 22 
 3  26 26 26 .  7  9  10 22 
 12 12 15 15 .  7  24 24 24 
 .  4  5  21 16 16 19 .  .  
 .  4  5  21 .  8  19 11 .  
 13 13 6  21 .  8  19 11 .  
 .  .  6  25 25 25 .  .  .  

 2  20 14 14 1  .  23 23 23 
 2  20 .  .  1  18 18 .  22 
 3  20 17 17 .  .  9  10 22 
 3  26 26 26 .  7  9  10 22 
 12 12 15 15 .  7  24 24 24 
 .  4  5  21 16 16 .  .  .  
 .  4  5  21 .  8  19 11 .  
 13 13 6  21 .  8  19 11 .  
 .  .  6  25 25 25 19 .  .  

 2  20 14 14 1  .  23 23 23 
 2  20 .  .  1  18 18 .  22 
 3  20 17 17 .  .  9  10 22 
 3  26 26 26 .  7  9  10 22 
 12 12 15 15 .  7  24 24 24 
 .  4  5  21 .  .  .  16 16 
 .  4  5  21 .  8  19 11 .  
 13 13 6  21 .  8  19 11 .  
 .  .  6  25 25 25 19 .  .  

 2  20 14 14 1  .  23 23 23 
 2  20 .  .  1  18 18 .  22 
 3  20 17 17 .  .  9  10 22 
 3  26 26 26 .  7  9  10 22 
 12 12 15 15 .  7  24 24 24 
 .  4  5  21 .  .  19 16 16 
 .  4  5  21 .  8  19 11 .  
 13 13 6  21 .  8  19 11 .  
 .  .  6  25 25 25 .  .  .  

 2  20 14 14 1  .  23 23 23 
 2  20 .  .  1  18 18 .  22 
 3  20 17 17 .  .  9  10 22 
 3  26 26 26 .  7  9  10 22 
 12 12 15 15 .  7  24 24 24 
 .  4  5  21 .  .  19 16 16 
 .  4  5  21 .  8  19 11 .  
 13 13 6  21 .  8  19 11 .  
 .  .  6  .  .  .  25 25 25 

 2  20 14 14 .  .  23 23 23 
 2  20 .  .  .  18 18 .  22 
 3  20 17 17 .  .  9  10 22 
 3  26 26 26 .  7  9  10 22 
 12 12 15 15 .  7  24 24 24 
 .  4  5  21 .  .  19 16 16 
 .  4  5  21 .  8  19 11 .  
 13 13 6  21 1  8  19 11 .  
 .  .  6  .  1  .  25 25 25 
--------------------END--------------------
 2  2  3  3  12 .  .  13 .  
 14 20 20 20 12 4  4  13 .  
 14 .  5  5  15 16 .  6  6  
 .  .  17 26 15 16 21 21 21 
 1  1  17 26 .  .  .  .  .  
 .  18 .  26 7  7  8  8  25 
 23 18 9  9  24 19 19 19 25 
 23 .  10 10 24 11 11 .  25 
 23 22 22 22 24 .  .  .  .  

 2  2  3  3  12 .  .  13 .  
 14 20 20 20 12 4  4  13 .  
 14 .  5  5  15 .  .  6  6  
 .  .  17 26 15 16 21 21 21 
 1  1  17 26 .  16 .  .  .  
 .  18 .  26 7  7  8  8  25 
 23 18 9  9  24 19 19 19 25 
 23 .  10 10 24 11 11 .  25 
 23 22 22 22 24 .  .  .  .  

 2  2  3  3  12 .  .  13 .  
 14 20 20 20 12 4  4  13 .  
 14 .  5  5  .  .  .  6  6  
 .  .  17 26 15 16 21 21 21 
 1  1  17 26 15 16 .  .  .  
 .  18 .  26 7  7  8  8  25 
 23 18 9  9  24 19 19 19 25 
 23 .  10 10 24 11 11 .  25 
 23 22 22 22 24 .  .  .  .  

 2  2  3  3  12 .  .  13 .  
 14 20 20 20 12 4  4  13 .  
 14 .  .  .  .  5  5  6  6  
 .  .  17 26 15 16 21 21 21 
 1  1  17 26 15 16 .  .  .  
 .  18 .  26 7  7  8  8  25 
 23 18 9  9  24 19 19 19 25 
 23 .  10 10 24 11 11 .  25 
 23 22 22 22 24 .  .  .  .  

 2  2  3  3  12 .  .  13 .  
 14 20 20 20 12 4  4  13 .  
 14 .  .  .  15 5  5  6  6  
 .  .  17 26 15 16 21 21 21 
 1  1  17 26 .  16 .  .  .  
 .  18 .  26 7  7  8  8  25 
 23 18 9  9  24 19 19 19 25 
 23 .  10 10 24 11 11 .  25 
 23 22 22 22 24 .  .  .  .  

 2  2  3  3  12 .  .  13 .  
 .  20 20 20 12 4  4  13 .  
 14 .  .  .  15 5  5  6  6  
 14 .  17 26 15 16 21 21 21 
 1  1  17 26 .  16 .  .  .  
 .  18 .  26 7  7  8  8  25 
 23 18 9  9  24 19 19 19 25 
 23 .  10 10 24 11 11 .  25 
 23 22 22 22 24 .  .  .  .  

 2  2  3  3  12 .  .  13 .  
 20 20 20 .  12 4  4  13 .  
 14 .  .  .  15 5  5  6  6  
 14 .  17 26 15 16 21 21 21 
 1  1  17 26 .  16 .  .  .  
 .  18 .  26 7  7  8  8  25 
 23 18 9  9  24 19 19 19 25 
 23 .  10 10 24 11 11 .  25 
 23 22 22 22 24 .  .  .  .  

 2  2  3  3  12 .  .  13 .  
 20 20 20 26 12 4  4  13 .  
 14 .  .  26 15 5  5  6  6  
 14 .  17 26 15 16 21 21 21 
 1  1  17 .  .  16 .  .  .  
 .  18 .  .  7  7  8  8  25 
 23 18 9  9  24 19 19 19 25 
 23 .  10 10 24 11 11 .  25 
 23 22 22 22 24 .  .  .  .  

 2  2  3  3  12 .  .  13 .  
 20 20 20 26 12 4  4  13 .  
 14 .  .  26 15 5  5  6  6  
 14 .  .  26 15 16 21 21 21 
 1  1  17 .  .  16 .  .  .  
 .  18 17 .  7  7  8  8  25 
 23 18 9  9  24 19 19 19 25 
 23 .  10 10 24 11 11 .  25 
 23 22 22 22 24 .  .  .  .  

 2  2  3  3  12 .  .  13 .  
 20 20 20 26 12 4  4  13 .  
 14 .  .  26 15 5  5  6  6  
 14 .  .  26 15 16 21 21 21 
 1  1  17 .  .  16 .  .  .  
 .  18 17 7  7  .  8  8  25 
 23 18 9  9  24 19 19 19 25 
 23 .  10 10 24 11 11 .  25 
 23 22 22 22 24 .  .  .  .  

 2  2  3  3  12 .  .  13 .  
 20 20 20 26 12 4  4  13 .  
 14 .  17 26 15 5  5  6  6  
 14 .  17 26 15 16 21 21 21 
 1  1  .  .  .  16 .  .  .  
 .  18 .  7  7  .  8  8  25 
 23 18 9  9  24 19 19 19 25 
 23 .  10 10 24 11 11 .  25 
 23 22 22 22 24 .  .  .  .  

 2  2  3  3  12 .  .  13 .  
 20 20 20 26 12 4  4  13 .  
 14 .  17 26 15 5  5  6  6  
 14 .  17 26 15 16 21 21 21 
 1  1  .  .  .  16 .  .  .  
 .  18 .  7  7  .  8  8  25 
 23 18 9  9  24 19 19 19 25 
 23 .  10 10 24 .  11 11 25 
 23 22 22 22 24 .  .  .  .  

 2  2  3  3  12 .  .  13 .  
 20 20 20 26 12 4  4  13 .  
 14 .  17 26 15 5  5  6  6  
 14 .  17 26 15 .  21 21 21 
 1  1  .  .  .  16 .  .  .  
 .  18 .  7  7  16 8  8  25 
 23 18 9  9  24 19 19 19 25 
 23 .  10 10 24 .  11 11 25 
 23 22 22 22 24 .  .  .  .  

 2  2  3  3  12 .  .  13 .  
 20 20 20 26 12 4  4  13 .  
 14 .  17 26 15 5  5  6  6  
 14 .  17 26 15 21 21 21 .  
 1  1  .  .  .  16 .  .  .  
 .  18 .  7  7  16 8  8  25 
 23 18 9  9  24 19 19 19 25 
 23 .  10 10 24 .  11 11 25 
 23 22 22 22 24 .  .  .  .  

 2  2  3  3  12 .  .  13 .  
 20 20 20 26 12 4  4  13 .  
 14 .  17 26 15 5  5  6  6  
 14 .  17 26 15 21 21 21 25 
 1  1  .  .  .  16 .  .  25 
 .  18 .  7  7  16 8  8  25 
 23 18 9  9  24 19 19 19 .  
 23 .  10 10 24 .  11 11 .  
 23 22 22 22 24 .  .  .  .  

 2  2  3  3  12 .  .  13 .  
 20 20 20 26 12 4  4  13 .  
 14 .  17 26 15 5  5  6  6  
 14 .  17 26 15 21 21 21 25 
 1  1  .  .  .  16 .  .  25 
 .  18 .  7  7  16 8  8  25 
 23 18 9  9  24 .  19 19 19 
 23 .  10 10 24 .  11 11 .  
 23 22 22 22 24 .  .  .  .  

 2  2  3  3  12 .  .  13 .  
 20 20 20 26 12 4  4  13 .  
 14 .  17 26 15 5  5  6  6  
 14 .  17 26 15 21 21 21 25 
 1  1  .  .  .  .  .  .  25 
 .  18 .  7  7  .  8  8  25 
 23 18 9  9  24 .  19 19 19 
 23 .  10 10 24 16 11 11 .  
 23 22 22 22 24 16 .  .  .  

 2  2  3  3  12 .  .  13 .  
 20 20 20 26 12 4  4  13 .  
 14 .  17 26 15 5  5  6  6  
 14 .  17 26 15 21 21 21 25 
 1  1  .  .  .  .  .  .  25 
 .  18 .  7  7  .  8  8  25 
 23 18 9  9  24 19 19 19 .  
 23 .  10 10 24 16 11 11 .  
 23 22 22 22 24 16 .  .  .  

 2  2  3  3  12 .  .  13 .  
 20 20 20 26 12 4  4  13 .  
 14 .  17 26 15 5  5  6  6  
 14 .  17 26 15 21 21 21 .  
 1  1  .  .  .  .  .  .  .  
 .  18 .  7  7  .  8  8  .  
 23 18 9  9  24 19 19 19 25 
 23 .  10 10 24 16 11 11 25 
 23 22 22 22 24 16 .  .  25 

 2  2  3  3  12 .  .  13 .  
 20 20 20 26 12 4  4  13 .  
 14 .  17 26 15 5  5  6  6  
 14 .  17 26 15 21 21 21 .  
 .  .  .  .  .  .  .  1  1  
 .  18 .  7  7  .  8  8  .  
 23 18 9  9  24 19 19 19 25 
 23 .  10 10 24 16 11 11 25 
 23 22 22 22 24 16 .  .  25 

