Solved in 21 steps.
Time took: 0.421999931335seconds.
Exit coordinate: 
5
2
 .  2  2  13 13 13 
 .  5  5  3  7  7  
 1  1  8  3  .  9  
 10 10 8  4  4  9  
 6  .  11 .  12 12 
 6  .  11 .  .  .  

 2  2  .  13 13 13 
 .  5  5  3  7  7  
 1  1  8  3  .  9  
 10 10 8  4  4  9  
 6  .  11 .  12 12 
 6  .  11 .  .  .  

 2  2  .  13 13 13 
 5  5  .  3  7  7  
 1  1  8  3  .  9  
 10 10 8  4  4  9  
 6  .  11 .  12 12 
 6  .  11 .  .  .  

 2  2  8  13 13 13 
 5  5  8  3  7  7  
 1  1  .  3  .  9  
 10 10 .  4  4  9  
 6  .  11 .  12 12 
 6  .  11 .  .  .  

 2  2  8  13 13 13 
 5  5  8  3  7  7  
 1  1  11 3  .  9  
 10 10 11 4  4  9  
 6  .  .  .  12 12 
 6  .  .  .  .  .  

 2  2  8  13 13 13 
 5  5  8  3  7  7  
 1  1  11 3  .  9  
 10 10 11 4  4  9  
 6  12 12 .  .  .  
 6  .  .  .  .  .  

 2  2  8  13 13 13 
 5  5  8  3  7  7  
 1  1  11 3  .  .  
 10 10 11 4  4  .  
 6  12 12 .  .  9  
 6  .  .  .  .  9  

 2  2  8  13 13 13 
 5  5  8  3  7  7  
 1  1  11 3  .  .  
 10 10 11 .  4  4  
 6  12 12 .  .  9  
 6  .  .  .  .  9  

 2  2  8  13 13 13 
 5  5  8  .  7  7  
 1  1  11 .  .  .  
 10 10 11 .  4  4  
 6  12 12 3  .  9  
 6  .  .  3  .  9  

 2  2  8  13 13 13 
 5  5  8  7  7  .  
 1  1  11 .  .  .  
 10 10 11 .  4  4  
 6  12 12 3  .  9  
 6  .  .  3  .  9  

 2  2  8  13 13 13 
 5  5  8  7  7  .  
 1  1  11 .  .  .  
 10 10 11 4  4  .  
 6  12 12 3  .  9  
 6  .  .  3  .  9  

 2  2  8  13 13 13 
 5  5  8  7  7  9  
 1  1  11 .  .  9  
 10 10 11 4  4  .  
 6  12 12 3  .  .  
 6  .  .  3  .  .  

 2  2  8  13 13 13 
 5  5  8  7  7  9  
 1  1  11 .  .  9  
 10 10 11 .  4  4  
 6  12 12 3  .  .  
 6  .  .  3  .  .  

 2  2  8  13 13 13 
 5  5  8  7  7  9  
 1  1  11 3  .  9  
 10 10 11 3  4  4  
 6  12 12 .  .  .  
 6  .  .  .  .  .  

 2  2  8  13 13 13 
 5  5  8  7  7  9  
 1  1  11 3  .  9  
 10 10 11 3  4  4  
 6  .  .  .  12 12 
 6  .  .  .  .  .  

 2  2  8  13 13 13 
 5  5  8  7  7  9  
 1  1  .  3  .  9  
 10 10 11 3  4  4  
 6  .  11 .  12 12 
 6  .  .  .  .  .  

 2  2  8  13 13 13 
 5  5  8  7  7  9  
 1  1  .  .  .  9  
 10 10 11 3  4  4  
 6  .  11 3  12 12 
 6  .  .  .  .  .  

 2  2  8  13 13 13 
 5  5  8  7  7  9  
 .  .  .  1  1  9  
 10 10 11 3  4  4  
 6  .  11 3  12 12 
 6  .  .  .  .  .  

 2  2  .  13 13 13 
 5  5  8  7  7  9  
 .  .  8  1  1  9  
 10 10 11 3  4  4  
 6  .  11 3  12 12 
 6  .  .  .  .  .  

 2  2  13 13 13 .  
 5  5  8  7  7  9  
 .  .  8  1  1  9  
 10 10 11 3  4  4  
 6  .  11 3  12 12 
 6  .  .  .  .  .  

 2  2  13 13 13 9  
 5  5  8  7  7  9  
 .  .  8  1  1  .  
 10 10 11 3  4  4  
 6  .  11 3  12 12 
 6  .  .  .  .  .  

 2  2  13 13 13 9  
 5  5  8  7  7  9  
 .  .  8  .  1  1  
 10 10 11 3  4  4  
 6  .  11 3  12 12 
 6  .  .  .  .  .  

