Solved in 21 steps.
Time took: 0.0seconds.
Exit coordinate: 
5
2
 .  .  1  10 6  6  
 2  5  1  10 .  .  
 2  5  8  8  11 11 
 13 3  3  4  .  .  
 13 7  .  4  12 .  
 13 7  9  9  12 .  

 2  .  1  10 6  6  
 2  5  1  10 .  .  
 .  5  8  8  11 11 
 13 3  3  4  .  .  
 13 7  .  4  12 .  
 13 7  9  9  12 .  

 2  5  1  10 6  6  
 2  5  1  10 .  .  
 .  .  8  8  11 11 
 13 3  3  4  .  .  
 13 7  .  4  12 .  
 13 7  9  9  12 .  

 2  5  1  10 6  6  
 2  5  1  10 .  .  
 8  8  .  .  11 11 
 13 3  3  4  .  .  
 13 7  .  4  12 .  
 13 7  9  9  12 .  

 2  5  1  10 6  6  
 2  5  1  10 .  .  
 8  8  11 11 .  .  
 13 3  3  4  .  .  
 13 7  .  4  12 .  
 13 7  9  9  12 .  

 2  5  1  10 6  6  
 2  5  1  10 12 .  
 8  8  11 11 12 .  
 13 3  3  4  .  .  
 13 7  .  4  .  .  
 13 7  9  9  .  .  

 2  5  1  10 6  6  
 2  5  1  10 12 .  
 8  8  11 11 12 .  
 13 3  3  4  .  .  
 13 7  .  4  .  .  
 13 7  .  .  9  9  

 2  5  1  10 6  6  
 2  5  1  10 12 .  
 8  8  11 11 12 .  
 13 3  3  .  .  .  
 13 7  .  4  .  .  
 13 7  .  4  9  9  

 2  5  1  10 6  6  
 2  5  1  10 12 .  
 8  8  11 11 12 .  
 13 .  .  .  3  3  
 13 7  .  4  .  .  
 13 7  .  4  9  9  

 2  5  1  10 6  6  
 2  5  1  10 12 .  
 8  8  11 11 12 .  
 13 7  .  .  3  3  
 13 7  .  4  .  .  
 13 .  .  4  9  9  

 2  5  1  10 6  6  
 2  5  1  10 12 .  
 8  8  11 11 12 .  
 13 7  .  4  3  3  
 13 7  .  4  .  .  
 13 .  .  .  9  9  

 2  5  1  10 6  6  
 2  5  1  10 12 .  
 8  8  11 11 12 .  
 13 7  .  4  3  3  
 13 7  .  4  .  .  
 13 9  9  .  .  .  

 2  5  1  10 6  6  
 2  5  1  10 12 .  
 8  8  11 11 12 .  
 13 7  .  .  3  3  
 13 7  .  4  .  .  
 13 9  9  4  .  .  

 2  5  1  10 6  6  
 2  5  1  10 12 .  
 8  8  11 11 12 .  
 13 7  3  3  .  .  
 13 7  .  4  .  .  
 13 9  9  4  .  .  

 2  5  1  10 6  6  
 2  5  1  10 .  .  
 8  8  11 11 .  .  
 13 7  3  3  .  .  
 13 7  .  4  12 .  
 13 9  9  4  12 .  

 2  5  1  10 6  6  
 2  5  1  10 .  .  
 8  8  .  11 11 .  
 13 7  3  3  .  .  
 13 7  .  4  12 .  
 13 9  9  4  12 .  

 2  5  1  10 6  6  
 2  5  1  10 .  .  
 8  8  .  11 11 .  
 13 7  .  3  3  .  
 13 7  .  4  12 .  
 13 9  9  4  12 .  

 2  5  .  10 6  6  
 2  5  .  10 .  .  
 8  8  .  11 11 .  
 13 7  1  3  3  .  
 13 7  1  4  12 .  
 13 9  9  4  12 .  

 2  5  .  10 6  6  
 2  5  .  10 .  .  
 .  8  8  11 11 .  
 13 7  1  3  3  .  
 13 7  1  4  12 .  
 13 9  9  4  12 .  

 2  5  .  10 6  6  
 2  5  .  10 .  .  
 13 8  8  11 11 .  
 13 7  1  3  3  .  
 13 7  1  4  12 .  
 .  9  9  4  12 .  

 2  5  .  10 6  6  
 2  5  .  10 .  .  
 13 8  8  11 11 .  
 13 7  1  3  3  .  
 13 7  1  4  12 .  
 9  9  .  4  12 .  

 2  5  .  10 6  6  
 2  5  .  10 .  .  
 13 8  8  11 11 .  
 13 7  .  3  3  .  
 13 7  1  4  12 .  
 9  9  1  4  12 .  

